=== KNN (reduced) ===
Melhores parâmetros: {'metric': 'manhattan', 'n_neighbors': 5, 'p': 1, 'weights': 'distance'}


--- Fold 1 ---
              precision    recall  f1-score   support

           0      0.251     0.329     0.285      1979
           1      0.203     0.254     0.226      1612
           2      0.111     0.107     0.109       779
           4      0.095     0.089     0.092       677
           5      0.030     0.021     0.025       286
           6      0.032     0.024     0.028       247
           7      0.024     0.014     0.017       146
           8      0.000     0.000     0.000       134
           9      0.000     0.000     0.000       107
          10      0.014     0.009     0.011       117
          12      0.012     0.009     0.010       116
          13      0.000     0.000     0.000        82
          14      0.000     0.000     0.000        91
          15      0.000     0.000     0.000        87
          16      0.000     0.000     0.000        77
          17      0.020     0.013     0.016        78
          18      0.038     0.014     0.021        69
          20      0.036     0.015     0.021        68
          22      0.000     0.000     0.000        64
          23      0.000     0.000     0.000        63
          24      0.022     0.017     0.019        58
          26      0.023     0.018     0.020        57
          27      0.000     0.000     0.000        47
          28      0.040     0.028     0.033        36
          29      0.000     0.000     0.000        42
          31      0.000     0.000     0.000        29
          32      0.000     0.000     0.000        35
          33      0.000     0.000     0.000        37
          34      0.000     0.000     0.000        35
          35      0.000     0.000     0.000        36
          36      0.000     0.000     0.000        36
          37      0.050     0.031     0.038        32
          38      0.000     0.000     0.000        33
          39      0.000     0.000     0.000        27
          41      0.000     0.000     0.000        32
          42      0.000     0.000     0.000        33
          44      0.000     0.000     0.000        31
          45      0.000     0.000     0.000        29
          46      0.000     0.000     0.000        27
          47      0.056     0.036     0.043        28
          48      0.000     0.000     0.000        24
          50      0.000     0.000     0.000        23
          51      0.000     0.000     0.000        26
          52      0.000     0.000     0.000        23
          53      0.000     0.000     0.000        28
          56      0.000     0.000     0.000        23
          57      0.000     0.000     0.000        24
          59      0.000     0.000     0.000        21

    accuracy                          0.158      7791
   macro avg      0.022     0.021     0.021      7791
weighted avg      0.130     0.158     0.142      7791


--- Fold 2 ---
              precision    recall  f1-score   support

           0      0.265     0.363     0.306      1979
           1      0.208     0.256     0.229      1612
           2      0.096     0.090     0.093       778
           4      0.094     0.080     0.086       677
           5      0.027     0.017     0.021       287
           6      0.027     0.020     0.023       247
           7      0.034     0.027     0.030       146
           8      0.065     0.037     0.047       134
           9      0.024     0.019     0.021       107
          10      0.016     0.009     0.011       117
          12      0.047     0.026     0.033       116
          13      0.038     0.024     0.030        82
          14      0.015     0.011     0.013        91
          15      0.017     0.011     0.014        87
          16      0.019     0.013     0.016        76
          17      0.000     0.000     0.000        78
          18      0.000     0.000     0.000        69
          20      0.000     0.000     0.000        68
          22      0.000     0.000     0.000        64
          23      0.000     0.000     0.000        63
          24      0.000     0.000     0.000        58
          26      0.000     0.000     0.000        57
          27      0.000     0.000     0.000        47
          28      0.000     0.000     0.000        36
          29      0.000     0.000     0.000        41
          31      0.000     0.000     0.000        30
          32      0.000     0.000     0.000        35
          33      0.000     0.000     0.000        37
          34      0.000     0.000     0.000        36
          35      0.000     0.000     0.000        36
          36      0.000     0.000     0.000        36
          37      0.000     0.000     0.000        32
          38      0.000     0.000     0.000        34
          39      0.000     0.000     0.000        27
          41      0.059     0.031     0.041        32
          42      0.000     0.000     0.000        33
          44      0.000     0.000     0.000        30
          45      0.000     0.000     0.000        29
          46      0.000     0.000     0.000        27
          47      0.000     0.000     0.000        28
          48      0.000     0.000     0.000        24
          50      0.000     0.000     0.000        23
          51      0.000     0.000     0.000        26
          52      0.000     0.000     0.000        23
          53      0.000     0.000     0.000        28
          56      0.000     0.000     0.000        22
          57      0.000     0.000     0.000        24
          59      0.000     0.000     0.000        22

    accuracy                          0.165      7791
   macro avg      0.022     0.022     0.021      7791
weighted avg      0.134     0.165     0.147      7791


--- Fold 3 ---
              precision    recall  f1-score   support

           0      0.257     0.352     0.297      1979
           1      0.195     0.237     0.214      1612
           2      0.118     0.112     0.115       778
           4      0.115     0.099     0.106       677
           5      0.045     0.031     0.037       287
           6      0.039     0.028     0.033       247
           7      0.054     0.034     0.042       146
           8      0.022     0.015     0.018       134
           9      0.028     0.019     0.022       107
          10      0.065     0.043     0.052       116
          12      0.000     0.000     0.000       117
          13      0.017     0.012     0.014        82
          14      0.019     0.011     0.014        91
          15      0.041     0.023     0.030        86
          16      0.019     0.013     0.015        76
          17      0.025     0.013     0.017        77
          18      0.000     0.000     0.000        70
          20      0.000     0.000     0.000        68
          22      0.000     0.000     0.000        64
          23      0.000     0.000     0.000        63
          24      0.000     0.000     0.000        58
          26      0.000     0.000     0.000        58
          27      0.000     0.000     0.000        46
          28      0.000     0.000     0.000        36
          29      0.000     0.000     0.000        41
          31      0.091     0.034     0.050        29
          32      0.000     0.000     0.000        36
          33      0.000     0.000     0.000        37
          34      0.000     0.000     0.000        35
          35      0.000     0.000     0.000        36
          36      0.000     0.000     0.000        36
          37      0.000     0.000     0.000        32
          38      0.000     0.000     0.000        34
          39      0.000     0.000     0.000        27
          41      0.000     0.000     0.000        32
          42      0.000     0.000     0.000        32
          44      0.000     0.000     0.000        30
          45      0.000     0.000     0.000        28
          46      0.000     0.000     0.000        27
          47      0.000     0.000     0.000        28
          48      0.000     0.000     0.000        24
          50      0.000     0.000     0.000        24
          51      0.000     0.000     0.000        27
          52      0.000     0.000     0.000        23
          53      0.000     0.000     0.000        28
          56      0.000     0.000     0.000        23
          57      0.000     0.000     0.000        24
          59      0.000     0.000     0.000        22

    accuracy                          0.163      7790
   macro avg      0.024     0.022     0.022      7790
weighted avg      0.134     0.163     0.146      7790


--- Fold 4 ---
              precision    recall  f1-score   support

           0      0.256     0.349     0.295      1979
           1      0.196     0.234     0.214      1612
           2      0.108     0.103     0.106       778
           4      0.088     0.077     0.082       677
           5      0.022     0.014     0.017       287
           6      0.039     0.028     0.033       246
           7      0.027     0.021     0.023       146
           8      0.010     0.007     0.008       134
           9      0.031     0.019     0.023       108
          10      0.020     0.017     0.019       116
          12      0.028     0.017     0.021       116
          13      0.000     0.000     0.000        82
          14      0.000     0.000     0.000        91
          15      0.017     0.011     0.014        87
          16      0.000     0.000     0.000        76
          17      0.022     0.013     0.016        77
          18      0.019     0.014     0.016        70
          20      0.022     0.014     0.018        69
          22      0.000     0.000     0.000        63
          23      0.000     0.000     0.000        63
          24      0.053     0.034     0.041        59
          26      0.000     0.000     0.000        58
          27      0.000     0.000     0.000        46
          28      0.000     0.000     0.000        36
          29      0.000     0.000     0.000        42
          31      0.000     0.000     0.000        29
          32      0.000     0.000     0.000        36
          33      0.000     0.000     0.000        37
          34      0.000     0.000     0.000        35
          35      0.000     0.000     0.000        37
          36      0.000     0.000     0.000        36
          37      0.000     0.000     0.000        32
          38      0.000     0.000     0.000        34
          39      0.000     0.000     0.000        27
          41      0.048     0.031     0.038        32
          42      0.000     0.000     0.000        33
          44      0.000     0.000     0.000        30
          45      0.000     0.000     0.000        28
          46      0.000     0.000     0.000        27
          47      0.053     0.037     0.043        27
          48      0.000     0.000     0.000        23
          50      0.111     0.043     0.062        23
          51      0.000     0.000     0.000        26
          52      0.000     0.000     0.000        23
          53      0.000     0.000     0.000        29
          56      0.000     0.000     0.000        23
          57      0.000     0.000     0.000        24
          59      0.000     0.000     0.000        21

    accuracy                          0.158      7790
   macro avg      0.024     0.023     0.023      7790
weighted avg      0.130     0.158     0.142      7790


--- Fold 5 ---
              precision    recall  f1-score   support

           0      0.261     0.354     0.300      1979
           1      0.210     0.259     0.232      1611
           2      0.094     0.093     0.093       778
           4      0.105     0.090     0.097       677
           5      0.040     0.028     0.033       287
           6      0.033     0.024     0.028       247
           7      0.019     0.014     0.016       146
           8      0.039     0.023     0.029       133
           9      0.013     0.009     0.011       108
          10      0.000     0.000     0.000       116
          12      0.026     0.017     0.021       116
          13      0.020     0.012     0.015        82
          14      0.019     0.011     0.014        91
          15      0.055     0.034     0.042        87
          16      0.043     0.026     0.033        76
          17      0.026     0.013     0.017        77
          18      0.000     0.000     0.000        69
          20      0.000     0.000     0.000        68
          22      0.029     0.016     0.020        64
          23      0.000     0.000     0.000        63
          24      0.029     0.017     0.022        59
          26      0.038     0.017     0.024        58
          27      0.000     0.000     0.000        47
          28      0.000     0.000     0.000        36
          29      0.029     0.024     0.026        42
          31      0.000     0.000     0.000        29
          32      0.000     0.000     0.000        35
          33      0.000     0.000     0.000        38
          34      0.000     0.000     0.000        35
          35      0.000     0.000     0.000        36
          36      0.000     0.000     0.000        37
          37      0.050     0.031     0.038        32
          38      0.000     0.000     0.000        33
          39      0.000     0.000     0.000        27
          41      0.034     0.030     0.032        33
          42      0.000     0.000     0.000        33
          44      0.000     0.000     0.000        30
          45      0.000     0.000     0.000        29
          46      0.000     0.000     0.000        27
          47      0.000     0.000     0.000        27
          48      0.000     0.000     0.000        23
          50      0.000     0.000     0.000        23
          51      0.000     0.000     0.000        26
          52      0.000     0.000     0.000        23
          53      0.000     0.000     0.000        29
          56      0.000     0.000     0.000        23
          57      0.000     0.000     0.000        24
          59      0.000     0.000     0.000        21

    accuracy                          0.165      7790
   macro avg      0.025     0.024     0.024      7790
weighted avg      0.135     0.165     0.148      7790


Média F1 Macro: 0.022 ± 0.001
