=== KNN (original) ===
Melhores parâmetros: {'metric': 'manhattan', 'n_neighbors': 5, 'weights': 'distance'}


--- Fold 1 ---
              precision    recall  f1-score   support

           0      0.258     0.371     0.305      1979
           1      0.193     0.257     0.221      1612
           2      0.091     0.077     0.084       779
           4      0.083     0.075     0.079       677
           5      0.029     0.021     0.024       286
           6      0.054     0.032     0.040       247
           7      0.000     0.000     0.000       146
           8      0.000     0.000     0.000       134
           9      0.000     0.000     0.000       107
          10      0.015     0.009     0.011       117
          12      0.030     0.017     0.022       116
          13      0.000     0.000     0.000        82
          14      0.000     0.000     0.000        91
          15      0.000     0.000     0.000        87
          16      0.000     0.000     0.000        77
          17      0.000     0.000     0.000        78
          18      0.000     0.000     0.000        69
          20      0.000     0.000     0.000        68
          22      0.000     0.000     0.000        64
          23      0.000     0.000     0.000        63
          24      0.045     0.017     0.025        58
          26      0.000     0.000     0.000        57
          27      0.000     0.000     0.000        47
          28      0.000     0.000     0.000        36
          29      0.000     0.000     0.000        42
          31      0.071     0.034     0.047        29
          32      0.000     0.000     0.000        35
          33      0.000     0.000     0.000        37
          34      0.000     0.000     0.000        35
          35      0.000     0.000     0.000        36
          36      0.000     0.000     0.000        36
          37      0.000     0.000     0.000        32
          38      0.000     0.000     0.000        33
          39      0.000     0.000     0.000        27
          41      0.000     0.000     0.000        32
          42      0.000     0.000     0.000        33
          44      0.000     0.000     0.000        31
          45      0.000     0.000     0.000        29
          46      0.056     0.037     0.044        27
          47      0.000     0.000     0.000        28
          48      0.000     0.000     0.000        24
          50      0.000     0.000     0.000        23
          51      0.000     0.000     0.000        26
          52      0.000     0.000     0.000        23
          53      0.000     0.000     0.000        28
          56      0.000     0.000     0.000        23
          57      0.000     0.000     0.000        24
          59      0.000     0.000     0.000        21

    accuracy                          0.164      7791
   macro avg      0.019     0.020     0.019      7791
weighted avg      0.126     0.164     0.141      7791


--- Fold 2 ---
              precision    recall  f1-score   support

           0      0.246     0.360     0.292      1979
           1      0.211     0.271     0.237      1612
           2      0.104     0.091     0.097       778
           4      0.090     0.077     0.083       677
           5      0.025     0.017     0.020       287
           6      0.026     0.016     0.020       247
           7      0.049     0.027     0.035       146
           8      0.049     0.022     0.031       134
           9      0.015     0.009     0.012       107
          10      0.000     0.000     0.000       117
          12      0.039     0.026     0.031       116
          13      0.020     0.012     0.015        82
          14      0.039     0.022     0.028        91
          15      0.017     0.011     0.014        87
          16      0.016     0.013     0.014        76
          17      0.000     0.000     0.000        78
          18      0.000     0.000     0.000        69
          20      0.000     0.000     0.000        68
          22      0.000     0.000     0.000        64
          23      0.000     0.000     0.000        63
          24      0.000     0.000     0.000        58
          26      0.000     0.000     0.000        57
          27      0.000     0.000     0.000        47
          28      0.000     0.000     0.000        36
          29      0.000     0.000     0.000        41
          31      0.000     0.000     0.000        30
          32      0.000     0.000     0.000        35
          33      0.000     0.000     0.000        37
          34      0.000     0.000     0.000        36
          35      0.000     0.000     0.000        36
          36      0.000     0.000     0.000        36
          37      0.000     0.000     0.000        32
          38      0.000     0.000     0.000        34
          39      0.000     0.000     0.000        27
          41      0.000     0.000     0.000        32
          42      0.000     0.000     0.000        33
          44      0.071     0.033     0.045        30
          45      0.000     0.000     0.000        29
          46      0.000     0.000     0.000        27
          47      0.000     0.000     0.000        28
          48      0.000     0.000     0.000        24
          50      0.000     0.000     0.000        23
          51      0.000     0.000     0.000        26
          52      0.000     0.000     0.000        23
          53      0.000     0.000     0.000        28
          56      0.000     0.000     0.000        22
          57      0.000     0.000     0.000        24
          59      0.000     0.000     0.000        22

    accuracy                          0.167      7791
   macro avg      0.021     0.021     0.020      7791
weighted avg      0.130     0.167     0.144      7791


--- Fold 3 ---
              precision    recall  f1-score   support

           0      0.261     0.376     0.308      1979
           1      0.215     0.285     0.245      1612
           2      0.099     0.087     0.093       778
           4      0.094     0.078     0.086       677
           5      0.053     0.035     0.042       287
           6      0.026     0.016     0.020       247
           7      0.000     0.000     0.000       146
           8      0.025     0.015     0.019       134
           9      0.000     0.000     0.000       107
          10      0.018     0.009     0.012       116
          12      0.000     0.000     0.000       117
          13      0.021     0.012     0.016        82
          14      0.016     0.011     0.013        91
          15      0.017     0.012     0.014        86
          16      0.019     0.013     0.015        76
          17      0.000     0.000     0.000        77
          18      0.000     0.000     0.000        70
          20      0.000     0.000     0.000        68
          22      0.000     0.000     0.000        64
          23      0.000     0.000     0.000        63
          24      0.000     0.000     0.000        58
          26      0.000     0.000     0.000        58
          27      0.000     0.000     0.000        46
          28      0.031     0.028     0.029        36
          29      0.000     0.000     0.000        41
          31      0.000     0.000     0.000        29
          32      0.000     0.000     0.000        36
          33      0.000     0.000     0.000        37
          34      0.000     0.000     0.000        35
          35      0.000     0.000     0.000        36
          36      0.000     0.000     0.000        36
          37      0.000     0.000     0.000        32
          38      0.000     0.000     0.000        34
          39      0.000     0.000     0.000        27
          41      0.000     0.000     0.000        32
          42      0.000     0.000     0.000        32
          44      0.000     0.000     0.000        30
          45      0.000     0.000     0.000        28
          46      0.000     0.000     0.000        27
          47      0.000     0.000     0.000        28
          48      0.000     0.000     0.000        24
          50      0.000     0.000     0.000        24
          51      0.000     0.000     0.000        27
          52      0.000     0.000     0.000        23
          53      0.000     0.000     0.000        28
          56      0.000     0.000     0.000        23
          57      0.000     0.000     0.000        24
          59      0.000     0.000     0.000        22

    accuracy                          0.173      7790
   macro avg      0.019     0.020     0.019      7790
weighted avg      0.133     0.173     0.149      7790


--- Fold 4 ---
              precision    recall  f1-score   support

           0      0.245     0.360     0.292      1979
           1      0.197     0.259     0.223      1612
           2      0.086     0.075     0.080       778
           4      0.086     0.077     0.081       677
           5      0.029     0.017     0.022       287
           6      0.015     0.008     0.010       246
           7      0.000     0.000     0.000       146
           8      0.032     0.022     0.026       134
           9      0.033     0.019     0.024       108
          10      0.016     0.009     0.011       116
          12      0.014     0.009     0.011       116
          13      0.000     0.000     0.000        82
          14      0.024     0.011     0.015        91
          15      0.000     0.000     0.000        87
          16      0.000     0.000     0.000        76
          17      0.000     0.000     0.000        77
          18      0.028     0.014     0.019        70
          20      0.023     0.014     0.018        69
          22      0.000     0.000     0.000        63
          23      0.000     0.000     0.000        63
          24      0.105     0.034     0.051        59
          26      0.000     0.000     0.000        58
          27      0.000     0.000     0.000        46
          28      0.000     0.000     0.000        36
          29      0.000     0.000     0.000        42
          31      0.000     0.000     0.000        29
          32      0.000     0.000     0.000        36
          33      0.000     0.000     0.000        37
          34      0.000     0.000     0.000        35
          35      0.000     0.000     0.000        37
          36      0.000     0.000     0.000        36
          37      0.000     0.000     0.000        32
          38      0.000     0.000     0.000        34
          39      0.000     0.000     0.000        27
          41      0.000     0.000     0.000        32
          42      0.000     0.000     0.000        33
          44      0.000     0.000     0.000        30
          45      0.000     0.000     0.000        28
          46      0.000     0.000     0.000        27
          47      0.100     0.037     0.054        27
          48      0.000     0.000     0.000        23
          50      0.000     0.000     0.000        23
          51      0.000     0.000     0.000        26
          52      0.000     0.000     0.000        23
          53      0.000     0.000     0.000        29
          56      0.000     0.000     0.000        23
          57      0.000     0.000     0.000        24
          59      0.000     0.000     0.000        21

    accuracy                          0.162      7790
   macro avg      0.022     0.020     0.020      7790
weighted avg      0.124     0.162     0.139      7790


--- Fold 5 ---
              precision    recall  f1-score   support

           0      0.256     0.380     0.306      1979
           1      0.216     0.282     0.244      1611
           2      0.114     0.099     0.106       778
           4      0.075     0.061     0.067       677
           5      0.042     0.031     0.036       287
           6      0.036     0.024     0.029       247
           7      0.022     0.014     0.017       146
           8      0.000     0.000     0.000       133
           9      0.000     0.000     0.000       108
          10      0.000     0.000     0.000       116
          12      0.029     0.017     0.022       116
          13      0.000     0.000     0.000        82
          14      0.000     0.000     0.000        91
          15      0.021     0.011     0.015        87
          16      0.056     0.026     0.036        76
          17      0.025     0.013     0.017        77
          18      0.000     0.000     0.000        69
          20      0.000     0.000     0.000        68
          22      0.000     0.000     0.000        64
          23      0.000     0.000     0.000        63
          24      0.034     0.017     0.023        59
          26      0.000     0.000     0.000        58
          27      0.000     0.000     0.000        47
          28      0.000     0.000     0.000        36
          29      0.040     0.024     0.030        42
          31      0.000     0.000     0.000        29
          32      0.000     0.000     0.000        35
          33      0.000     0.000     0.000        38
          34      0.000     0.000     0.000        35
          35      0.000     0.000     0.000        36
          36      0.000     0.000     0.000        37
          37      0.000     0.000     0.000        32
          38      0.000     0.000     0.000        33
          39      0.000     0.000     0.000        27
          41      0.000     0.000     0.000        33
          42      0.000     0.000     0.000        33
          44      0.000     0.000     0.000        30
          45      0.000     0.000     0.000        29
          46      0.000     0.000     0.000        27
          47      0.000     0.000     0.000        27
          48      0.000     0.000     0.000        23
          50      0.071     0.043     0.054        23
          51      0.000     0.000     0.000        26
          52      0.000     0.000     0.000        23
          53      0.000     0.000     0.000        29
          56      0.000     0.000     0.000        23
          57      0.000     0.000     0.000        24
          59      0.000     0.000     0.000        21

    accuracy                          0.173      7790
   macro avg      0.022     0.022     0.021      7790
weighted avg      0.133     0.173     0.149      7790


Média F1 Macro: 0.020 ± 0.001
