=== Logistic Regression (original) ===
Melhores parâmetros: {'C': 10, 'class_weight': None, 'solver': 'lbfgs'}


--- Fold 1 ---
              precision    recall  f1-score   support

           0      0.256     0.707     0.375      1979
           1      0.195     0.215     0.204      1612
           2      0.096     0.006     0.012       779
           4      0.047     0.003     0.006       677
           5      0.000     0.000     0.000       286
           6      0.000     0.000     0.000       247
           7      0.000     0.000     0.000       146
           8      0.000     0.000     0.000       134
           9      0.000     0.000     0.000       107
          10      0.167     0.009     0.016       117
          12      0.000     0.000     0.000       116
          13      0.000     0.000     0.000        82
          14      0.000     0.000     0.000        91
          15      0.000     0.000     0.000        87
          16      0.000     0.000     0.000        77
          17      0.000     0.000     0.000        78
          18      0.000     0.000     0.000        69
          20      0.000     0.000     0.000        68
          22      0.000     0.000     0.000        64
          23      0.000     0.000     0.000        63
          24      0.000     0.000     0.000        58
          26      0.000     0.000     0.000        57
          27      0.000     0.000     0.000        47
          28      0.111     0.028     0.044        36
          29      0.000     0.000     0.000        42
          31      0.000     0.000     0.000        29
          32      0.000     0.000     0.000        35
          33      0.125     0.027     0.044        37
          34      0.000     0.000     0.000        35
          35      0.000     0.000     0.000        36
          36      0.000     0.000     0.000        36
          37      0.000     0.000     0.000        32
          38      0.000     0.000     0.000        33
          39      0.000     0.000     0.000        27
          41      0.000     0.000     0.000        32
          42      0.000     0.000     0.000        33
          44      0.000     0.000     0.000        31
          45      0.000     0.000     0.000        29
          46      0.000     0.000     0.000        27
          47      0.000     0.000     0.000        28
          48      0.000     0.000     0.000        24
          50      0.000     0.000     0.000        23
          51      0.000     0.000     0.000        26
          52      0.000     0.000     0.000        23
          53      0.091     0.036     0.051        28
          56      0.000     0.000     0.000        23
          57      0.000     0.000     0.000        24
          59      0.000     0.000     0.000        21

    accuracy                          0.226      7791
   macro avg      0.023     0.021     0.016      7791
weighted avg      0.123     0.226     0.140      7791


--- Fold 2 ---
              precision    recall  f1-score   support

           0      0.257     0.715     0.378      1979
           1      0.206     0.221     0.213      1612
           2      0.085     0.005     0.010       778
           4      0.135     0.007     0.014       677
           5      0.000     0.000     0.000       287
           6      0.000     0.000     0.000       247
           7      0.000     0.000     0.000       146
           8      0.000     0.000     0.000       134
           9      0.000     0.000     0.000       107
          10      0.000     0.000     0.000       117
          12      0.000     0.000     0.000       116
          13      0.000     0.000     0.000        82
          14      0.000     0.000     0.000        91
          15      0.000     0.000     0.000        87
          16      0.000     0.000     0.000        76
          17      0.000     0.000     0.000        78
          18      0.000     0.000     0.000        69
          20      0.000     0.000     0.000        68
          22      0.000     0.000     0.000        64
          23      0.000     0.000     0.000        63
          24      0.000     0.000     0.000        58
          26      0.000     0.000     0.000        57
          27      0.000     0.000     0.000        47
          28      0.000     0.000     0.000        36
          29      0.000     0.000     0.000        41
          31      0.000     0.000     0.000        30
          32      0.000     0.000     0.000        35
          33      0.000     0.000     0.000        37
          34      0.000     0.000     0.000        36
          35      0.000     0.000     0.000        36
          36      0.000     0.000     0.000        36
          37      0.000     0.000     0.000        32
          38      0.000     0.000     0.000        34
          39      0.000     0.000     0.000        27
          41      0.000     0.000     0.000        32
          42      0.000     0.000     0.000        33
          44      0.000     0.000     0.000        30
          45      0.000     0.000     0.000        29
          46      0.000     0.000     0.000        27
          47      0.000     0.000     0.000        28
          48      0.000     0.000     0.000        24
          50      0.000     0.000     0.000        23
          51      0.000     0.000     0.000        26
          52      0.000     0.000     0.000        23
          53      0.000     0.000     0.000        28
          56      0.000     0.000     0.000        22
          57      0.000     0.000     0.000        24
          59      0.000     0.000     0.000        22

    accuracy                          0.228      7791
   macro avg      0.014     0.020     0.013      7791
weighted avg      0.128     0.228     0.142      7791


--- Fold 3 ---
              precision    recall  f1-score   support

           0      0.256     0.714     0.376      1979
           1      0.207     0.224     0.215      1612
           2      0.086     0.006     0.012       778
           4      0.075     0.004     0.008       677
           5      0.000     0.000     0.000       287
           6      0.000     0.000     0.000       247
           7      0.000     0.000     0.000       146
           8      0.000     0.000     0.000       134
           9      0.000     0.000     0.000       107
          10      0.000     0.000     0.000       116
          12      0.000     0.000     0.000       117
          13      0.000     0.000     0.000        82
          14      0.000     0.000     0.000        91
          15      0.333     0.012     0.022        86
          16      0.000     0.000     0.000        76
          17      0.000     0.000     0.000        77
          18      0.000     0.000     0.000        70
          20      0.000     0.000     0.000        68
          22      0.000     0.000     0.000        64
          23      0.000     0.000     0.000        63
          24      0.000     0.000     0.000        58
          26      0.000     0.000     0.000        58
          27      0.000     0.000     0.000        46
          28      0.000     0.000     0.000        36
          29      0.000     0.000     0.000        41
          31      0.000     0.000     0.000        29
          32      0.000     0.000     0.000        36
          33      0.000     0.000     0.000        37
          34      0.000     0.000     0.000        35
          35      0.000     0.000     0.000        36
          36      0.000     0.000     0.000        36
          37      0.000     0.000     0.000        32
          38      0.000     0.000     0.000        34
          39      0.000     0.000     0.000        27
          41      0.000     0.000     0.000        32
          42      0.000     0.000     0.000        32
          44      0.000     0.000     0.000        30
          45      0.000     0.000     0.000        28
          46      0.000     0.000     0.000        27
          47      0.000     0.000     0.000        28
          48      0.000     0.000     0.000        24
          50      0.000     0.000     0.000        24
          51      0.000     0.000     0.000        27
          52      0.000     0.000     0.000        23
          53      0.000     0.000     0.000        28
          56      0.000     0.000     0.000        23
          57      0.000     0.000     0.000        24
          59      0.000     0.000     0.000        22

    accuracy                          0.229      7790
   macro avg      0.020     0.020     0.013      7790
weighted avg      0.127     0.229     0.142      7790


--- Fold 4 ---
              precision    recall  f1-score   support

           0      0.256     0.715     0.377      1979
           1      0.216     0.232     0.224      1612
           2      0.104     0.009     0.017       778
           4      0.120     0.004     0.009       677
           5      0.200     0.003     0.007       287
           6      0.000     0.000     0.000       246
           7      0.000     0.000     0.000       146
           8      0.000     0.000     0.000       134
           9      0.167     0.009     0.018       108
          10      0.333     0.009     0.017       116
          12      0.000     0.000     0.000       116
          13      0.000     0.000     0.000        82
          14      0.000     0.000     0.000        91
          15      0.000     0.000     0.000        87
          16      0.000     0.000     0.000        76
          17      0.000     0.000     0.000        77
          18      0.000     0.000     0.000        70
          20      0.000     0.000     0.000        69
          22      0.000     0.000     0.000        63
          23      0.000     0.000     0.000        63
          24      0.000     0.000     0.000        59
          26      0.000     0.000     0.000        58
          27      0.143     0.022     0.038        46
          28      0.000     0.000     0.000        36
          29      0.000     0.000     0.000        42
          31      0.000     0.000     0.000        29
          32      0.000     0.000     0.000        36
          33      0.000     0.000     0.000        37
          34      0.000     0.000     0.000        35
          35      0.000     0.000     0.000        37
          36      0.000     0.000     0.000        36
          37      0.000     0.000     0.000        32
          38      0.000     0.000     0.000        34
          39      0.000     0.000     0.000        27
          41      0.000     0.000     0.000        32
          42      0.000     0.000     0.000        33
          44      0.000     0.000     0.000        30
          45      0.000     0.000     0.000        28
          46      0.000     0.000     0.000        27
          47      0.000     0.000     0.000        27
          48      0.000     0.000     0.000        23
          50      0.000     0.000     0.000        23
          51      0.000     0.000     0.000        26
          52      0.000     0.000     0.000        23
          53      0.000     0.000     0.000        29
          56      0.000     0.000     0.000        23
          57      0.000     0.000     0.000        24
          59      0.000     0.000     0.000        21

    accuracy                          0.231      7790
   macro avg      0.032     0.021     0.015      7790
weighted avg      0.146     0.231     0.146      7790


--- Fold 5 ---
              precision    recall  f1-score   support

           0      0.253     0.690     0.370      1979
           1      0.199     0.228     0.213      1611
           2      0.175     0.009     0.017       778
           4      0.083     0.003     0.006       677
           5      0.000     0.000     0.000       287
           6      0.000     0.000     0.000       247
           7      0.000     0.000     0.000       146
           8      0.143     0.008     0.014       133
           9      0.000     0.000     0.000       108
          10      0.000     0.000     0.000       116
          12      0.000     0.000     0.000       116
          13      0.000     0.000     0.000        82
          14      0.000     0.000     0.000        91
          15      0.000     0.000     0.000        87
          16      0.000     0.000     0.000        76
          17      0.000     0.000     0.000        77
          18      0.000     0.000     0.000        69
          20      0.000     0.000     0.000        68
          22      0.000     0.000     0.000        64
          23      0.000     0.000     0.000        63
          24      0.000     0.000     0.000        59
          26      0.000     0.000     0.000        58
          27      0.000     0.000     0.000        47
          28      0.000     0.000     0.000        36
          29      0.000     0.000     0.000        42
          31      0.000     0.000     0.000        29
          32      0.000     0.000     0.000        35
          33      0.000     0.000     0.000        38
          34      0.000     0.000     0.000        35
          35      0.000     0.000     0.000        36
          36      0.000     0.000     0.000        37
          37      0.083     0.031     0.045        32
          38      0.000     0.000     0.000        33
          39      0.000     0.000     0.000        27
          41      0.000     0.000     0.000        33
          42      0.111     0.030     0.048        33
          44      0.000     0.000     0.000        30
          45      0.000     0.000     0.000        29
          46      0.000     0.000     0.000        27
          47      0.000     0.000     0.000        27
          48      0.000     0.000     0.000        23
          50      0.000     0.000     0.000        23
          51      0.000     0.000     0.000        26
          52      0.000     0.000     0.000        23
          53      0.000     0.000     0.000        29
          56      0.000     0.000     0.000        23
          57      0.000     0.000     0.000        24
          59      0.000     0.000     0.000        21

    accuracy                          0.224      7790
   macro avg      0.022     0.021     0.015      7790
weighted avg      0.134     0.224     0.141      7790


Média F1 Macro: 0.014 ± 0.001
