=== Logistic Regression (reduced) ===
Melhores parâmetros: {'C': 10, 'class_weight': None, 'penalty': 'l2', 'solver': 'saga'}


--- Fold 1 ---
              precision    recall  f1-score   support

           0      0.254     0.984     0.403      1979
           1      0.250     0.017     0.031      1612
           2      0.000     0.000     0.000       779
           4      0.000     0.000     0.000       677
           5      0.000     0.000     0.000       286
           6      0.000     0.000     0.000       247
           7      0.000     0.000     0.000       146
           8      0.000     0.000     0.000       134
           9      0.000     0.000     0.000       107
          10      0.000     0.000     0.000       117
          12      0.000     0.000     0.000       116
          13      0.000     0.000     0.000        82
          14      0.000     0.000     0.000        91
          15      0.000     0.000     0.000        87
          16      0.000     0.000     0.000        77
          17      0.000     0.000     0.000        78
          18      0.000     0.000     0.000        69
          20      0.000     0.000     0.000        68
          22      0.000     0.000     0.000        64
          23      0.000     0.000     0.000        63
          24      0.000     0.000     0.000        58
          26      0.000     0.000     0.000        57
          27      0.000     0.000     0.000        47
          28      0.000     0.000     0.000        36
          29      0.000     0.000     0.000        42
          31      0.000     0.000     0.000        29
          32      0.000     0.000     0.000        35
          33      0.000     0.000     0.000        37
          34      0.000     0.000     0.000        35
          35      0.000     0.000     0.000        36
          36      0.000     0.000     0.000        36
          37      0.000     0.000     0.000        32
          38      0.000     0.000     0.000        33
          39      0.000     0.000     0.000        27
          41      0.000     0.000     0.000        32
          42      0.000     0.000     0.000        33
          44      0.000     0.000     0.000        31
          45      0.000     0.000     0.000        29
          46      0.000     0.000     0.000        27
          47      0.000     0.000     0.000        28
          48      0.000     0.000     0.000        24
          50      0.000     0.000     0.000        23
          51      0.000     0.000     0.000        26
          52      0.000     0.000     0.000        23
          53      0.000     0.000     0.000        28
          56      0.000     0.000     0.000        23
          57      0.000     0.000     0.000        24
          59      0.000     0.000     0.000        21

    accuracy                          0.253      7791
   macro avg      0.010     0.021     0.009      7791
weighted avg      0.116     0.253     0.109      7791


--- Fold 2 ---
              precision    recall  f1-score   support

           0      0.253     0.987     0.403      1979
           1      0.250     0.012     0.024      1612
           2      0.000     0.000     0.000       778
           4      0.000     0.000     0.000       677
           5      0.000     0.000     0.000       287
           6      0.000     0.000     0.000       247
           7      0.000     0.000     0.000       146
           8      0.000     0.000     0.000       134
           9      0.000     0.000     0.000       107
          10      0.000     0.000     0.000       117
          12      0.000     0.000     0.000       116
          13      0.000     0.000     0.000        82
          14      0.000     0.000     0.000        91
          15      0.000     0.000     0.000        87
          16      0.000     0.000     0.000        76
          17      0.000     0.000     0.000        78
          18      0.000     0.000     0.000        69
          20      0.000     0.000     0.000        68
          22      0.000     0.000     0.000        64
          23      0.000     0.000     0.000        63
          24      0.000     0.000     0.000        58
          26      0.000     0.000     0.000        57
          27      0.000     0.000     0.000        47
          28      0.000     0.000     0.000        36
          29      0.000     0.000     0.000        41
          31      0.000     0.000     0.000        30
          32      0.000     0.000     0.000        35
          33      0.000     0.000     0.000        37
          34      0.000     0.000     0.000        36
          35      0.000     0.000     0.000        36
          36      0.000     0.000     0.000        36
          37      0.000     0.000     0.000        32
          38      0.000     0.000     0.000        34
          39      0.000     0.000     0.000        27
          41      0.000     0.000     0.000        32
          42      0.000     0.000     0.000        33
          44      0.000     0.000     0.000        30
          45      0.000     0.000     0.000        29
          46      0.000     0.000     0.000        27
          47      0.000     0.000     0.000        28
          48      0.000     0.000     0.000        24
          50      0.000     0.000     0.000        23
          51      0.000     0.000     0.000        26
          52      0.000     0.000     0.000        23
          53      0.000     0.000     0.000        28
          56      0.000     0.000     0.000        22
          57      0.000     0.000     0.000        24
          59      0.000     0.000     0.000        22

    accuracy                          0.253      7791
   macro avg      0.010     0.021     0.009      7791
weighted avg      0.116     0.253     0.107      7791


--- Fold 3 ---
              precision    recall  f1-score   support

           0      0.254     0.992     0.405      1979
           1      0.246     0.011     0.020      1612
           2      0.000     0.000     0.000       778
           4      0.000     0.000     0.000       677
           5      0.000     0.000     0.000       287
           6      0.000     0.000     0.000       247
           7      0.000     0.000     0.000       146
           8      0.000     0.000     0.000       134
           9      0.000     0.000     0.000       107
          10      0.000     0.000     0.000       116
          12      0.000     0.000     0.000       117
          13      0.000     0.000     0.000        82
          14      0.000     0.000     0.000        91
          15      0.000     0.000     0.000        86
          16      0.000     0.000     0.000        76
          17      0.000     0.000     0.000        77
          18      0.000     0.000     0.000        70
          20      0.000     0.000     0.000        68
          22      0.000     0.000     0.000        64
          23      0.000     0.000     0.000        63
          24      0.000     0.000     0.000        58
          26      0.000     0.000     0.000        58
          27      0.000     0.000     0.000        46
          28      0.000     0.000     0.000        36
          29      0.000     0.000     0.000        41
          31      0.000     0.000     0.000        29
          32      0.000     0.000     0.000        36
          33      0.000     0.000     0.000        37
          34      0.000     0.000     0.000        35
          35      0.000     0.000     0.000        36
          36      0.000     0.000     0.000        36
          37      0.000     0.000     0.000        32
          38      0.000     0.000     0.000        34
          39      0.000     0.000     0.000        27
          41      0.000     0.000     0.000        32
          42      0.000     0.000     0.000        32
          44      0.000     0.000     0.000        30
          45      0.000     0.000     0.000        28
          46      0.000     0.000     0.000        27
          47      0.000     0.000     0.000        28
          48      0.000     0.000     0.000        24
          50      0.000     0.000     0.000        24
          51      0.000     0.000     0.000        27
          52      0.000     0.000     0.000        23
          53      0.000     0.000     0.000        28
          56      0.000     0.000     0.000        23
          57      0.000     0.000     0.000        24
          59      0.000     0.000     0.000        22

    accuracy                          0.254      7790
   macro avg      0.010     0.021     0.009      7790
weighted avg      0.116     0.254     0.107      7790


--- Fold 4 ---
              precision    recall  f1-score   support

           0      0.254     0.984     0.404      1979
           1      0.211     0.017     0.031      1612
           2      0.000     0.000     0.000       778
           4      0.000     0.000     0.000       677
           5      0.000     0.000     0.000       287
           6      0.000     0.000     0.000       246
           7      0.000     0.000     0.000       146
           8      0.000     0.000     0.000       134
           9      0.000     0.000     0.000       108
          10      0.000     0.000     0.000       116
          12      0.000     0.000     0.000       116
          13      0.000     0.000     0.000        82
          14      0.000     0.000     0.000        91
          15      0.000     0.000     0.000        87
          16      0.000     0.000     0.000        76
          17      0.000     0.000     0.000        77
          18      0.000     0.000     0.000        70
          20      0.000     0.000     0.000        69
          22      0.000     0.000     0.000        63
          23      0.000     0.000     0.000        63
          24      0.000     0.000     0.000        59
          26      0.000     0.000     0.000        58
          27      0.000     0.000     0.000        46
          28      0.000     0.000     0.000        36
          29      0.000     0.000     0.000        42
          31      0.000     0.000     0.000        29
          32      0.000     0.000     0.000        36
          33      0.000     0.000     0.000        37
          34      0.000     0.000     0.000        35
          35      0.000     0.000     0.000        37
          36      0.000     0.000     0.000        36
          37      0.000     0.000     0.000        32
          38      0.000     0.000     0.000        34
          39      0.000     0.000     0.000        27
          41      0.000     0.000     0.000        32
          42      0.000     0.000     0.000        33
          44      0.000     0.000     0.000        30
          45      0.000     0.000     0.000        28
          46      0.000     0.000     0.000        27
          47      0.000     0.000     0.000        27
          48      0.000     0.000     0.000        23
          50      0.000     0.000     0.000        23
          51      0.000     0.000     0.000        26
          52      0.000     0.000     0.000        23
          53      0.000     0.000     0.000        29
          56      0.000     0.000     0.000        23
          57      0.000     0.000     0.000        24
          59      0.000     0.000     0.000        21

    accuracy                          0.253      7790
   macro avg      0.010     0.021     0.009      7790
weighted avg      0.108     0.253     0.109      7790


--- Fold 5 ---
              precision    recall  f1-score   support

           0      0.254     0.986     0.404      1979
           1      0.210     0.013     0.025      1611
           2      0.000     0.000     0.000       778
           4      0.000     0.000     0.000       677
           5      0.000     0.000     0.000       287
           6      0.000     0.000     0.000       247
           7      0.000     0.000     0.000       146
           8      0.000     0.000     0.000       133
           9      0.000     0.000     0.000       108
          10      0.000     0.000     0.000       116
          12      0.000     0.000     0.000       116
          13      0.000     0.000     0.000        82
          14      0.000     0.000     0.000        91
          15      0.000     0.000     0.000        87
          16      0.000     0.000     0.000        76
          17      0.000     0.000     0.000        77
          18      0.000     0.000     0.000        69
          20      0.000     0.000     0.000        68
          22      0.000     0.000     0.000        64
          23      0.000     0.000     0.000        63
          24      0.000     0.000     0.000        59
          26      0.000     0.000     0.000        58
          27      0.000     0.000     0.000        47
          28      0.000     0.000     0.000        36
          29      0.000     0.000     0.000        42
          31      0.000     0.000     0.000        29
          32      0.000     0.000     0.000        35
          33      0.000     0.000     0.000        38
          34      0.000     0.000     0.000        35
          35      0.000     0.000     0.000        36
          36      0.000     0.000     0.000        37
          37      0.000     0.000     0.000        32
          38      0.000     0.000     0.000        33
          39      0.000     0.000     0.000        27
          41      0.000     0.000     0.000        33
          42      0.000     0.000     0.000        33
          44      0.000     0.000     0.000        30
          45      0.000     0.000     0.000        29
          46      0.000     0.000     0.000        27
          47      0.000     0.000     0.000        27
          48      0.000     0.000     0.000        23
          50      0.000     0.000     0.000        23
          51      0.000     0.000     0.000        26
          52      0.000     0.000     0.000        23
          53      0.000     0.000     0.000        29
          56      0.000     0.000     0.000        23
          57      0.000     0.000     0.000        24
          59      0.000     0.000     0.000        21

    accuracy                          0.253      7790
   macro avg      0.010     0.021     0.009      7790
weighted avg      0.108     0.253     0.108      7790


Média F1 Macro: 0.009 ± 0.000
