=== Random Forest (reduced) ===
Melhores parâmetros: {'class_weight': 'balanced', 'max_depth': None, 'min_samples_split': 5, 'n_estimators': 200}


--- Fold 1 ---
              precision    recall  f1-score   support

           0      0.255     0.275     0.265      1979
           1      0.200     0.209     0.204      1612
           2      0.105     0.099     0.102       779
           4      0.084     0.075     0.079       677
           5      0.047     0.038     0.042       286
           6      0.036     0.032     0.034       247
           7      0.016     0.014     0.015       146
           8      0.015     0.015     0.015       134
           9      0.000     0.000     0.000       107
          10      0.017     0.017     0.017       117
          12      0.008     0.009     0.008       116
          13      0.028     0.024     0.026        82
          14      0.000     0.000     0.000        91
          15      0.000     0.000     0.000        87
          16      0.000     0.000     0.000        77
          17      0.013     0.013     0.013        78
          18      0.014     0.014     0.014        69
          20      0.018     0.015     0.016        68
          22      0.000     0.000     0.000        64
          23      0.017     0.016     0.016        63
          24      0.020     0.017     0.019        58
          26      0.016     0.018     0.017        57
          27      0.000     0.000     0.000        47
          28      0.024     0.028     0.026        36
          29      0.000     0.000     0.000        42
          31      0.029     0.034     0.031        29
          32      0.000     0.000     0.000        35
          33      0.000     0.000     0.000        37
          34      0.000     0.000     0.000        35
          35      0.000     0.000     0.000        36
          36      0.000     0.000     0.000        36
          37      0.031     0.031     0.031        32
          38      0.000     0.000     0.000        33
          39      0.000     0.000     0.000        27
          41      0.000     0.000     0.000        32
          42      0.000     0.000     0.000        33
          44      0.000     0.000     0.000        31
          45      0.000     0.000     0.000        29
          46      0.000     0.000     0.000        27
          47      0.000     0.000     0.000        28
          48      0.000     0.000     0.000        24
          50      0.000     0.000     0.000        23
          51      0.000     0.000     0.000        26
          52      0.000     0.000     0.000        23
          53      0.000     0.000     0.000        28
          56      0.000     0.000     0.000        23
          57      0.000     0.000     0.000        24
          59      0.000     0.000     0.000        21

    accuracy                          0.134      7791
   macro avg      0.021     0.021     0.021      7791
weighted avg      0.129     0.134     0.131      7791


--- Fold 2 ---
              precision    recall  f1-score   support

           0      0.262     0.284     0.272      1979
           1      0.216     0.217     0.216      1612
           2      0.106     0.098     0.102       778
           4      0.080     0.064     0.071       677
           5      0.027     0.024     0.026       287
           6      0.041     0.040     0.041       247
           7      0.013     0.014     0.014       146
           8      0.034     0.037     0.035       134
           9      0.017     0.019     0.018       107
          10      0.019     0.017     0.018       117
          12      0.062     0.052     0.056       116
          13      0.032     0.037     0.034        82
          14      0.031     0.033     0.032        91
          15      0.020     0.023     0.022        87
          16      0.033     0.039     0.036        76
          17      0.000     0.000     0.000        78
          18      0.019     0.014     0.017        69
          20      0.000     0.000     0.000        68
          22      0.000     0.000     0.000        64
          23      0.000     0.000     0.000        63
          24      0.021     0.017     0.019        58
          26      0.000     0.000     0.000        57
          27      0.000     0.000     0.000        47
          28      0.000     0.000     0.000        36
          29      0.000     0.000     0.000        41
          31      0.000     0.000     0.000        30
          32      0.000     0.000     0.000        35
          33      0.000     0.000     0.000        37
          34      0.000     0.000     0.000        36
          35      0.000     0.000     0.000        36
          36      0.000     0.000     0.000        36
          37      0.000     0.000     0.000        32
          38      0.000     0.000     0.000        34
          39      0.000     0.000     0.000        27
          41      0.000     0.000     0.000        32
          42      0.000     0.000     0.000        33
          44      0.000     0.000     0.000        30
          45      0.000     0.000     0.000        29
          46      0.000     0.000     0.000        27
          47      0.000     0.000     0.000        28
          48      0.000     0.000     0.000        24
          50      0.000     0.000     0.000        23
          51      0.000     0.000     0.000        26
          52      0.000     0.000     0.000        23
          53      0.000     0.000     0.000        28
          56      0.000     0.000     0.000        22
          57      0.000     0.000     0.000        24
          59      0.000     0.000     0.000        22

    accuracy                          0.138      7791
   macro avg      0.022     0.021     0.021      7791
weighted avg      0.135     0.138     0.136      7791


--- Fold 3 ---
              precision    recall  f1-score   support

           0      0.257     0.291     0.273      1979
           1      0.201     0.200     0.201      1612
           2      0.114     0.107     0.110       778
           4      0.104     0.083     0.092       677
           5      0.044     0.035     0.039       287
           6      0.049     0.040     0.044       247
           7      0.045     0.048     0.047       146
           8      0.016     0.015     0.015       134
           9      0.028     0.028     0.028       107
          10      0.024     0.026     0.025       116
          12      0.007     0.009     0.008       117
          13      0.012     0.012     0.012        82
          14      0.013     0.011     0.012        91
          15      0.015     0.012     0.013        86
          16      0.011     0.013     0.012        76
          17      0.041     0.039     0.040        77
          18      0.012     0.014     0.013        70
          20      0.000     0.000     0.000        68
          22      0.000     0.000     0.000        64
          23      0.000     0.000     0.000        63
          24      0.000     0.000     0.000        58
          26      0.032     0.034     0.033        58
          27      0.000     0.000     0.000        46
          28      0.032     0.028     0.030        36
          29      0.000     0.000     0.000        41
          31      0.038     0.034     0.036        29
          32      0.000     0.000     0.000        36
          33      0.000     0.000     0.000        37
          34      0.000     0.000     0.000        35
          35      0.000     0.000     0.000        36
          36      0.000     0.000     0.000        36
          37      0.000     0.000     0.000        32
          38      0.000     0.000     0.000        34
          39      0.000     0.000     0.000        27
          41      0.000     0.000     0.000        32
          42      0.000     0.000     0.000        32
          44      0.000     0.000     0.000        30
          45      0.000     0.000     0.000        28
          46      0.000     0.000     0.000        27
          47      0.000     0.000     0.000        28
          48      0.000     0.000     0.000        24
          50      0.000     0.000     0.000        24
          51      0.000     0.000     0.000        27
          52      0.000     0.000     0.000        23
          53      0.000     0.000     0.000        28
          56      0.000     0.000     0.000        23
          57      0.000     0.000     0.000        24
          59      0.000     0.000     0.000        22

    accuracy                          0.139      7790
   macro avg      0.023     0.022     0.023      7790
weighted avg      0.134     0.139     0.136      7790


--- Fold 4 ---
              precision    recall  f1-score   support

           0      0.261     0.293     0.276      1979
           1      0.187     0.181     0.184      1612
           2      0.110     0.100     0.105       778
           4      0.089     0.072     0.080       677
           5      0.016     0.014     0.015       287
           6      0.021     0.020     0.021       246
           7      0.016     0.014     0.015       146
           8      0.019     0.022     0.021       134
           9      0.027     0.028     0.027       108
          10      0.016     0.017     0.016       116
          12      0.009     0.009     0.009       116
          13      0.000     0.000     0.000        82
          14      0.011     0.011     0.011        91
          15      0.012     0.011     0.012        87
          16      0.000     0.000     0.000        76
          17      0.015     0.013     0.014        77
          18      0.028     0.029     0.028        70
          20      0.038     0.043     0.041        69
          22      0.000     0.000     0.000        63
          23      0.022     0.016     0.018        63
          24      0.062     0.051     0.056        59
          26      0.000     0.000     0.000        58
          27      0.000     0.000     0.000        46
          28      0.000     0.000     0.000        36
          29      0.000     0.000     0.000        42
          31      0.000     0.000     0.000        29
          32      0.000     0.000     0.000        36
          33      0.000     0.000     0.000        37
          34      0.000     0.000     0.000        35
          35      0.000     0.000     0.000        37
          36      0.000     0.000     0.000        36
          37      0.000     0.000     0.000        32
          38      0.000     0.000     0.000        34
          39      0.000     0.000     0.000        27
          41      0.000     0.000     0.000        32
          42      0.000     0.000     0.000        33
          44      0.000     0.000     0.000        30
          45      0.000     0.000     0.000        28
          46      0.000     0.000     0.000        27
          47      0.032     0.037     0.034        27
          48      0.000     0.000     0.000        23
          50      0.000     0.000     0.000        23
          51      0.000     0.000     0.000        26
          52      0.000     0.000     0.000        23
          53      0.048     0.034     0.040        29
          56      0.000     0.000     0.000        23
          57      0.000     0.000     0.000        24
          59      0.000     0.000     0.000        21

    accuracy                          0.132      7790
   macro avg      0.022     0.021     0.021      7790
weighted avg      0.128     0.132     0.130      7790


--- Fold 5 ---
              precision    recall  f1-score   support

           0      0.257     0.291     0.273      1979
           1      0.209     0.211     0.210      1611
           2      0.121     0.112     0.116       778
           4      0.087     0.074     0.080       677
           5      0.027     0.024     0.026       287
           6      0.037     0.032     0.034       247
           7      0.015     0.014     0.014       146
           8      0.030     0.030     0.030       133
           9      0.000     0.000     0.000       108
          10      0.007     0.009     0.008       116
          12      0.018     0.017     0.018       116
          13      0.014     0.012     0.013        82
          14      0.023     0.022     0.023        91
          15      0.037     0.034     0.036        87
          16      0.031     0.026     0.029        76
          17      0.037     0.026     0.031        77
          18      0.011     0.014     0.013        69
          20      0.000     0.000     0.000        68
          22      0.014     0.016     0.015        64
          23      0.000     0.000     0.000        63
          24      0.042     0.034     0.037        59
          26      0.022     0.017     0.019        58
          27      0.000     0.000     0.000        47
          28      0.000     0.000     0.000        36
          29      0.000     0.000     0.000        42
          31      0.000     0.000     0.000        29
          32      0.000     0.000     0.000        35
          33      0.000     0.000     0.000        38
          34      0.000     0.000     0.000        35
          35      0.000     0.000     0.000        36
          36      0.000     0.000     0.000        37
          37      0.033     0.031     0.032        32
          38      0.000     0.000     0.000        33
          39      0.000     0.000     0.000        27
          41      0.000     0.000     0.000        33
          42      0.000     0.000     0.000        33
          44      0.000     0.000     0.000        30
          45      0.000     0.000     0.000        29
          46      0.000     0.000     0.000        27
          47      0.000     0.000     0.000        27
          48      0.000     0.000     0.000        23
          50      0.000     0.000     0.000        23
          51      0.000     0.000     0.000        26
          52      0.000     0.000     0.000        23
          53      0.000     0.000     0.000        29
          56      0.000     0.000     0.000        23
          57      0.000     0.000     0.000        24
          59      0.000     0.000     0.000        21

    accuracy                          0.140      7790
   macro avg      0.022     0.022     0.022      7790
weighted avg      0.134     0.140     0.137      7790


Média F1 Macro: 0.022 ± 0.001
